raw.data <-
structure(list(case = c(1L, 1L, 1L, 1L, 1L, 1L, 1L, 1L, 1L, 1L, 
1L, 1L, 1L, 1L, 1L, 1L, 1L, 1L, 1L, 1L, 1L, 1L, 1L, 1L, 1L, 1L, 
1L, 1L, 1L, 1L, 1L, 1L, 1L, 0L, 0L, 0L, 0L, 0L, 0L, 0L, 0L, 0L, 
0L, 0L, 0L, 0L, 0L, 0L, 0L, 0L, 0L, 0L, 0L, 0L, 0L, 0L, 0L, 0L, 
0L, 0L, 0L, 0L, 0L, 0L, 0L, 0L), age = c(71L, 66L, 65L, 65L, 
56L, 56L, 54L, 50L, 48L, 48L, 48L, 44L, 43L, 42L, 42L, 42L, 40L, 
40L, 40L, 39L, 37L, 34L, 30L, 29L, 29L, 28L, 27L, 26L, 26L, 26L, 
26L, 23L, 18L, 66L, 65L, 65L, 59L, 56L, 55L, 51L, 48L, 48L, 48L, 
44L, 44L, 43L, 42L, 42L, 40L, 39L, 38L, 37L, 33L, 29L, 29L, 29L, 
28L, 28L, 26L, 26L, 26L, 26L, 26L, 24L, 22L, 18L), bmi = c(29.86, 
23.51, 33.2, 21.3, 25.06, 24.06, 34.94, 28.37, 29.39, 23.66, 
22.86, 27.63, 33.69, 29.07, 25.08, 23.03, 28.74, 27.4, 25.95, 
23.53, 25.95, 22.49, 25.95, 31.38, 27.68, 28.68, 28.58, 28.01, 
25.34, 21.72, 20.76, 23.78, 24.69, 31.82, 24.83, 23.52, 21.51, 
27.03, 28.37, 26.42, 29.67, 27.03, 24.85, 29.78, 29.07, 25.54, 
28.71, 26.33, 31.56, 23.67, 21.2, 26.43, 20.68, 32.52, 28.88, 
23.37, 22.2, 21.39, 26.43, 25.08, 23.5, 23.29, 21.71, 25.06, 
24.34, 20.09), drink = c(0L, 0L, 0L, 1L, 0L, 0L, 1L, 0L, 0L, 
1L, 0L, 0L, 0L, 1L, 0L, 1L, 1L, 0L, 0L, 1L, 1L, 1L, 0L, 0L, 1L, 
1L, 0L, 0L, 1L, 0L, 1L, 1L, 0L, 0L, 0L, 0L, 1L, 1L, 1L, 1L, 0L, 
0L, 0L, 0L, 1L, 1L, 1L, 0L, 1L, 0L, 0L, 0L, 0L, 0L, 1L, 0L, 0L, 
1L, 0L, 1L, 0L, 1L, 0L, 1L, 1L, 0L), smoke = c(0L, 1L, 0L, 1L, 
0L, 0L, 0L, 0L, 0L, 1L, 0L, 0L, 0L, 0L, 1L, 1L, 0L, 1L, 0L, 1L, 
0L, 0L, 0L, 0L, 1L, 1L, 0L, 1L, 1L, 1L, 1L, 1L, 0L, 1L, 0L, 0L, 
0L, 0L, 0L, 0L, 0L, 1L, 0L, 0L, 0L, 0L, 0L, 0L, 0L, 0L, 0L, 0L, 
0L, 0L, 1L, 0L, 1L, 1L, 0L, 0L, 1L, 1L, 1L, 0L, 0L, 0L), amalgam = c(0L, 
1L, 1L, 0L, 0L, 0L, 1L, 0L, 0L, 0L, 1L, 1L, 0L, 1L, 1L, 0L, 0L, 
0L, 0L, 0L, 0L, 0L, 0L, 0L, 0L, 1L, 0L, 1L, 0L, 1L, 0L, 1L, 0L, 
1L, 1L, 1L, 0L, 1L, 0L, 0L, 0L, 0L, 0L, 0L, 0L, 0L, 0L, 0L, 0L, 
0L, 0L, 0L, 0L, 0L, 0L, 0L, 0L, 0L, 0L, 0L, 0L, 0L, 0L, 0L, 0L, 
0L), exp.years = c(50L, 50L, 40L, 30L, 40L, 30L, 30L, 10L, 30L, 
3L, 22L, 9L, 10L, 9L, 15L, 4L, 20L, 5L, 20L, 22L, 7L, 15L, 12L, 
10L, 10L, 9L, 15L, 5L, 2L, 1L, 2L, 3L, 1L, 0L, 0L, 0L, 0L, 0L, 
0L, 0L, 0L, 0L, 0L, 0L, 0L, 0L, 0L, 0L, 0L, 0L, 0L, 0L, 0L, 0L, 
0L, 0L, 0L, 0L, 0L, 0L, 0L, 0L, 0L, 0L, 0L, 0L), micronuclei = c(0L, 
2L, 4L, 1L, 1L, 3L, 2L, 2L, 2L, 0L, 1L, 0L, 0L, 0L, 0L, 3L, 3L, 
3L, 2L, 0L, 0L, 1L, 0L, 2L, 2L, 0L, 1L, 0L, 3L, 0L, 0L, 0L, 1L, 
1L, 1L, 1L, 2L, 1L, 2L, 1L, 0L, 0L, 1L, 0L, 1L, 0L, 2L, 2L, 0L, 
2L, 0L, 1L, 1L, 0L, 1L, 1L, 2L, 1L, 3L, 4L, 1L, 3L, 0L, 0L, 1L, 
2L), binucleated = c(12L, 4L, 14L, 3L, 9L, 13L, 5L, 5L, 3L, 8L, 
8L, 5L, 12L, 10L, 4L, 10L, 11L, 4L, 11L, 2L, 5L, 3L, 10L, 8L, 
5L, 5L, 13L, 3L, 3L, 4L, 11L, 8L, 9L, 5L, 4L, 5L, 3L, 7L, 1L, 
0L, 5L, 2L, 2L, 3L, 1L, 2L, 3L, 3L, 2L, 3L, 2L, 0L, 0L, 3L, 0L, 
0L, 4L, 3L, 3L, 0L, 3L, 3L, 0L, 2L, 3L, 2L), lobulated = c(9L, 
2L, 6L, 4L, 4L, 6L, 3L, 4L, 6L, 2L, 2L, 0L, 5L, 3L, 2L, 3L, 6L, 
4L, 4L, 6L, 1L, 2L, 4L, 3L, 2L, 3L, 5L, 1L, 3L, 0L, 5L, 0L, 4L, 
5L, 4L, 5L, 1L, 4L, 2L, 2L, 3L, 2L, 2L, 2L, 4L, 4L, 3L, 2L, 2L, 
3L, 5L, 1L, 1L, 0L, 1L, 6L, 0L, 3L, 5L, 1L, 5L, 6L, 0L, 5L, 0L, 
4L), pyknotic = c(0L, 0L, 0L, 1L, 0L, 0L, 1L, 0L, 0L, 0L, 1L, 
0L, 0L, 0L, 0L, 0L, 1L, 0L, 1L, 1L, 0L, 0L, 0L, 0L, 0L, 0L, 1L, 
0L, 0L, 0L, 2L, 0L, 0L, 0L, 0L, 0L, 1L, 1L, 0L, 0L, 1L, 0L, 0L, 
1L, 0L, 0L, 0L, 1L, 0L, 0L, 0L, 0L, 0L, 1L, 0L, 1L, 0L, 0L, 0L, 
0L, 3L, 0L, 0L, 0L, 0L, 1L), condensed = c(4L, 7L, 4L, 2L, 4L, 
4L, 4L, 10L, 3L, 8L, 3L, 0L, 6L, 2L, 2L, 4L, 5L, 4L, 3L, 1L, 
0L, 0L, 4L, 8L, 0L, 7L, 5L, 3L, 4L, 3L, 10L, 3L, 9L, 6L, 4L, 
6L, 6L, 5L, 0L, 4L, 0L, 2L, 2L, 0L, 0L, 3L, 2L, 0L, 2L, 2L, 0L, 
0L, 0L, 1L, 0L, 0L, 0L, 1L, 0L, 0L, 0L, 0L, 0L, 0L, 5L, 4L), 
    karyorrhexis = c(3L, 1L, 0L, 1L, 2L, 0L, 2L, 2L, 0L, 3L, 
    1L, 0L, 3L, 0L, 1L, 0L, 0L, 0L, 0L, 0L, 0L, 0L, 1L, 0L, 0L, 
    2L, 0L, 0L, 0L, 1L, 4L, 0L, 1L, 4L, 2L, 4L, 2L, 4L, 2L, 1L, 
    1L, 1L, 0L, 0L, 3L, 0L, 1L, 0L, 0L, 1L, 0L, 2L, 0L, 0L, 2L, 
    0L, 0L, 1L, 0L, 1L, 0L, 0L, 0L, 0L, 0L, 1L), karyolysis = c(3L, 
    3L, 9L, 7L, 4L, 4L, 3L, 3L, 4L, 3L, 6L, 0L, 9L, 4L, 4L, 4L, 
    6L, 3L, 3L, 4L, 1L, 3L, 8L, 0L, 0L, 6L, 6L, 0L, 3L, 2L, 4L, 
    0L, 4L, 5L, 2L, 5L, 2L, 5L, 4L, 3L, 3L, 4L, 3L, 3L, 0L, 5L, 
    2L, 3L, 1L, 3L, 4L, 7L, 3L, 5L, 7L, 0L, 3L, 3L, 7L, 1L, 2L, 
    3L, 0L, 2L, 3L, 3L)), .Names = c("case", "age", "bmi", "drink", 
"smoke", "amalgam", "exp.years", "micronuclei", "binucleated", 
"lobulated", "pyknotic", "condensed", "karyorrhexis", "karyolysis"
), row.names = c(46L, 45L, 52L, 51L, 43L, 56L, 62L, 60L, 53L, 
61L, 49L, 36L, 59L, 35L, 40L, 66L, 55L, 37L, 57L, 50L, 34L, 65L, 
48L, 39L, 44L, 63L, 58L, 41L, 38L, 47L, 54L, 64L, 42L, 11L, 13L, 
12L, 33L, 15L, 32L, 31L, 30L, 18L, 19L, 17L, 29L, 28L, 10L, 9L, 
27L, 16L, 26L, 3L, 25L, 4L, 14L, 1L, 24L, 23L, 6L, 2L, 7L, 22L, 
5L, 21L, 20L, 8L), class = "data.frame")
